6474193463 7581126227 
7045437029 4558768437 
2708974989 2318860011 
3425219347 6503644613 
1046185387 3476879035 
1780557107 7258386001 
6236582105 3723840679 
3663883702 2692651107 
7401920780 4777629262 
1346443284 7814176773 
2930184300 1354076743 
3569175518 5261927328 
6112566357 5598496361 
2225866586 7108556158 
5562938279 5133731925 
3607414761 3201093478 
8895793104 5604475620 
2425980347 6760243026 
708546298 2196957654 
7358883787 2455619894 
8539138090 2261080562 
1504492293 2218765108 
6472732878 9148025653 
7067824306 8748316411 
5272910535 3516010001 
1986275201 1303514600 
4122188102 1388023245 
2433835129 4502379988 
9356863455 2261512409 
3287875121 9612343895 
6383507349 2477662533 
6753599921 5780501615 
1420372467 6835953176 
7285454174 4974919829 
5865936683 1352066524 
1126420948 6652210683 
3915525629 8672069438 
6698502932 2733973725 
1571615386 8429670824 
292135871 7311764762 
9481267219 1779071637 
6161420397 9359081826 
5032305617 3759832359 
2130425181 5275565978 
2751979915 5030437884 
2006065444 8176356832 
8964200619 5689817290 
7889483489 8568923164 
4860898167 516944326 
3188085876 8046359687 
